5.901060983984809 5.558106599751342 2.4645361379131394 0.8734011696061406 3.0429180532752187 8.504280885571193 5.437551784275355 1.2095980486960611 5.690455000330448 9.506812325928912
1.8305963054491292 7.6701250583 6.544444404707324 2.603143579499081 7.647223966333016 6.274654452214051 6.430835288873537 9.157685924765804 6.963862658836128 5.668440578037117
7.23605314464474 4.808600319969765 4.472947333421904 8.948882725151622 9.076049204062128 9.36178347406638 2.331368950932152 9.156612736502135 3.416937500415976 7.6609298240590356
8.251799539652318 7.031261378151728 1.5701279687817804 3.495742911855506 0.26078191871277023 5.696519318054639 9.752451462399689 9.206071883707343 1.0963022315863147 4.56605478138005
7.7318396664991305 0.7979506973312711 1.8288907483369654 3.9513055580060996 7.971712539104554 2.108224331384976 9.964123975596852 2.6041214819647873 6.142294587564537 1.8376453321014508
2.0207294060317125 2.7416742190548513 1.8846637197306482 4.118030601761058 4.3773227972659425 0.9780181459763382 0.7934164966202428 6.687267979171926 9.042138333003333 9.02612921427598
4.726404951529716 0.7166700826219929 2.923932763493784 5.036207155180527 7.755087911883713 2.8683703053965637 0.16858276867266486 5.000478441340498 9.336607158743671 3.2561643796075614
7.174714572451367 3.7816857608184327 4.618786763048708 2.641398055001256 9.013037553203429 7.011914493901349 4.181823804304521 8.41621280559739 4.147879871960773 8.360344601129073
1.9755240831956788 1.7096554880026116 1.5957530659175945 1.482982118570233 0.7285081781976499 7.297867313589541 0.9546004052447354 2.344371622222857 8.685895705611472 3.907769265639799
1.098711778038095 5.540744601417704 0.17455223323552427 4.974361599514289 7.758116249483859 7.756011965736879 5.200060973671232 8.944961610505826 3.6875910449281815 2.5464651794837225
